2.00000     0.00000
2.00033     0.00009
2.00067     0.00018
2.00100     0.00027
2.00133     0.00036
2.00167     0.00045
2.00200     0.00054
2.00233     0.00063
2.00267     0.00072
2.00300     0.00081
2.00333     0.00090
2.00367     0.00099
2.00400     0.00108
2.00433     0.00117
2.00467     0.00125
2.00500     0.00134
2.00533     0.00143
2.00567     0.00152
2.00600     0.00161
2.00633     0.00170
2.00667     0.00179
2.00700     0.00187
2.00733     0.00196
2.00767     0.00205
2.00800     0.00214
2.00833     0.00223
2.00867     0.00232
2.00900     0.00240
2.00933     0.00249
2.00967     0.00258
2.01000     0.00267
2.01033     0.00275
2.01067     0.00284
2.01100     0.00293
2.01133     0.00302
2.01167     0.00310
2.01200     0.00319
2.01233     0.00328
2.01267     0.00336
2.01300     0.00345
2.01333     0.00354
2.01367     0.00362
2.01400     0.00371
2.01433     0.00380
2.01467     0.00388
2.01500     0.00397
2.01533     0.00406
2.01567     0.00414
2.01600     0.00423
2.01633     0.00431
2.01667     0.00440
2.01700     0.00449
2.01733     0.00457
2.01767     0.00466
2.01800     0.00474
2.01833     0.00483
2.01867     0.00491
2.01900     0.00500
2.01933     0.00508
2.01967     0.00517
2.02000     0.00525
2.02033     0.00534
2.02067     0.00542
2.02100     0.00551
2.02133     0.00559
2.02167     0.00568
2.02200     0.00576
2.02233     0.00585
2.02267     0.00593
2.02300     0.00601
2.02333     0.00610
2.02367     0.00618
2.02400     0.00627
2.02433     0.00635
2.02467     0.00643
2.02500     0.00652
2.02533     0.00660
2.02567     0.00669
2.02600     0.00677
2.02633     0.00685
2.02667     0.00694
2.02700     0.00702
2.02733     0.00710
2.02767     0.00719
2.02800     0.00727
2.02833     0.00735
2.02867     0.00743
2.02900     0.00752
2.02933     0.00760
2.02967     0.00768
2.03000     0.00776
2.03033     0.00785
2.03067     0.00793
2.03100     0.00801
2.03133     0.00809
2.03167     0.00818
2.03200     0.00826
2.03233     0.00834
2.03267     0.00842
2.03300     0.00850
2.03333     0.00858
2.03367     0.00867
2.03400     0.00875
2.03433     0.00883
2.03467     0.00891
2.03500     0.00899
2.03533     0.00907
2.03567     0.00915
2.03600     0.00923
2.03633     0.00932
2.03667     0.00940
2.03700     0.00948
2.03733     0.00956
2.03767     0.00964
2.03800     0.00972
2.03833     0.00980
2.03867     0.00988
2.03900     0.00996
2.03933     0.01004
2.03967     0.01012
2.04000     0.01020
2.04033     0.01028
2.04067     0.01036
2.04100     0.01044
2.04133     0.01052
2.04167     0.01060
2.04200     0.01068
2.04233     0.01076
2.04267     0.01084
2.04300     0.01092
2.04333     0.01100
2.04367     0.01107
2.04400     0.01115
2.04433     0.01123
2.04467     0.01131
2.04500     0.01139
2.04533     0.01147
2.04567     0.01155
2.04600     0.01163
2.04633     0.01170
2.04667     0.01178
2.04700     0.01186
2.04733     0.01194
2.04767     0.01202
2.04800     0.01210
2.04833     0.01217
2.04867     0.01225
2.04900     0.01233
2.04933     0.01241
2.04967     0.01248
2.05000     0.01256
2.05033     0.01264
2.05067     0.01272
2.05100     0.01279
2.05133     0.01287
2.05167     0.01295
2.05200     0.01303
2.05233     0.01310
2.05267     0.01318
2.05300     0.01326
2.05333     0.01333
2.05367     0.01341
2.05400     0.01349
2.05433     0.01356
2.05467     0.01364
2.05500     0.01372
2.05533     0.01379
2.05567     0.01387
2.05600     0.01395
2.05633     0.01402
2.05667     0.01410
2.05700     0.01417
2.05733     0.01425
2.05767     0.01432
2.05800     0.01440
2.05833     0.01448
2.05867     0.01455
2.05900     0.01463
2.05933     0.01470
2.05967     0.01478
2.06000     0.01485
2.06033     0.01493
2.06067     0.01500
2.06100     0.01508
2.06133     0.01515
2.06167     0.01523
2.06200     0.01530
2.06233     0.01538
2.06267     0.01545
2.06300     0.01553
2.06333     0.01560
2.06367     0.01568
2.06400     0.01575
2.06433     0.01582
2.06467     0.01590
2.06500     0.01597
2.06533     0.01605
2.06567     0.01612
2.06600     0.01619
2.06633     0.01627
2.06667     0.01634
2.06700     0.01642
2.06733     0.01649
2.06767     0.01656
2.06800     0.01664
2.06833     0.01671
2.06867     0.01678
2.06900     0.01686
2.06933     0.01693
2.06967     0.01700
2.07000     0.01708
2.07033     0.01715
2.07067     0.01722
2.07100     0.01729
2.07133     0.01737
2.07167     0.01744
2.07200     0.01751
2.07233     0.01758
2.07267     0.01766
2.07300     0.01773
2.07333     0.01780
2.07367     0.01787
2.07400     0.01794
2.07433     0.01802
2.07467     0.01809
2.07500     0.01816
2.07533     0.01823
2.07567     0.01830
2.07600     0.01838
2.07633     0.01845
2.07667     0.01852
2.07700     0.01859
2.07733     0.01866
2.07767     0.01873
2.07800     0.01880
2.07833     0.01888
2.07867     0.01895
2.07900     0.01902
2.07933     0.01909
2.07967     0.01916
2.08000     0.01923
2.08033     0.01930
2.08067     0.01937
2.08100     0.01944
2.08133     0.01951
2.08167     0.01958
2.08200     0.01965
2.08233     0.01972
2.08267     0.01979
2.08300     0.01986
2.08333     0.01993
2.08367     0.02000
2.08400     0.02007
2.08433     0.02014
2.08467     0.02021
2.08500     0.02028
2.08533     0.02035
2.08567     0.02042
2.08600     0.02049
2.08633     0.02056
2.08667     0.02063
2.08700     0.02070
2.08733     0.02077
2.08767     0.02084
2.08800     0.02091
2.08833     0.02097
2.08867     0.02104
2.08900     0.02111
2.08933     0.02118
2.08967     0.02125
2.09000     0.02132
2.09033     0.02139
2.09067     0.02146
2.09100     0.02152
2.09133     0.02159
2.09167     0.02166
2.09200     0.02173
2.09233     0.02180
2.09267     0.02186
2.09300     0.02193
2.09333     0.02200
2.09367     0.02207
2.09400     0.02214
2.09433     0.02220
2.09467     0.02227
2.09500     0.02234
2.09533     0.02241
2.09567     0.02247
2.09600     0.02254
2.09633     0.02261
2.09667     0.02267
2.09700     0.02274
2.09733     0.02281
2.09767     0.02288
2.09800     0.02294
2.09833     0.02301
2.09867     0.02308
2.09900     0.02314
2.09933     0.02321
2.09967     0.02328
2.10000     0.02334
2.10033     0.02341
2.10067     0.02348
2.10100     0.02354
2.10133     0.02361
2.10167     0.02367
2.10200     0.02374
2.10233     0.02381
2.10267     0.02387
2.10300     0.02394
2.10333     0.02400
2.10367     0.02407
2.10400     0.02413
2.10433     0.02420
2.10467     0.02427
2.10500     0.02433
2.10533     0.02440
2.10567     0.02446
2.10600     0.02453
2.10633     0.02459
2.10667     0.02466
2.10700     0.02472
2.10733     0.02479
2.10767     0.02485
2.10800     0.02492
2.10833     0.02498
2.10867     0.02505
2.10900     0.02511
2.10933     0.02518
2.10967     0.02524
2.11000     0.02530
2.11033     0.02537
2.11067     0.02543
2.11100     0.02550
2.11133     0.02556
2.11167     0.02563
2.11200     0.02569
2.11233     0.02575
2.11267     0.02582
2.11300     0.02588
2.11333     0.02595
2.11367     0.02601
2.11400     0.02607
2.11433     0.02614
2.11467     0.02620
2.11500     0.02626
2.11533     0.02633
2.11567     0.02639
2.11600     0.02645
2.11633     0.02652
2.11667     0.02658
2.11700     0.02664
2.11733     0.02670
2.11767     0.02677
2.11800     0.02683
2.11833     0.02689
2.11867     0.02696
2.11900     0.02702
2.11933     0.02708
2.11967     0.02714
2.12000     0.02721
2.12033     0.02727
2.12067     0.02733
2.12100     0.02739
2.12133     0.02746
2.12167     0.02752
2.12200     0.02758
2.12233     0.02764
2.12267     0.02770
2.12300     0.02776
2.12333     0.02783
2.12367     0.02789
2.12400     0.02795
2.12433     0.02801
2.12467     0.02807
2.12500     0.02813
2.12533     0.02820
2.12567     0.02826
2.12600     0.02832
2.12633     0.02838
2.12667     0.02844
2.12700     0.02850
2.12733     0.02856
2.12767     0.02862
2.12800     0.02868
2.12833     0.02875
2.12867     0.02881
2.12900     0.02887
2.12933     0.02893
2.12967     0.02899
2.13000     0.02905
2.13033     0.02911
2.13067     0.02917
2.13100     0.02923
2.13133     0.02929
2.13167     0.02935
2.13200     0.02941
2.13233     0.02947
2.13267     0.02953
2.13300     0.02959
2.13333     0.02965
2.13367     0.02971
2.13400     0.02977
2.13433     0.02983
2.13467     0.02989
2.13500     0.02995
2.13533     0.03001
2.13567     0.03007
2.13600     0.03013
2.13633     0.03018
2.13667     0.03024
2.13700     0.03030
2.13733     0.03036
2.13767     0.03042
2.13800     0.03048
2.13833     0.03054
2.13867     0.03060
2.13900     0.03066
2.13933     0.03072
2.13967     0.03077
2.14000     0.03083
2.14033     0.03089
2.14067     0.03095
2.14100     0.03101
2.14133     0.03107
2.14167     0.03112
2.14200     0.03118
2.14233     0.03124
2.14267     0.03130
2.14300     0.03136
2.14333     0.03141
2.14367     0.03147
2.14400     0.03153
2.14433     0.03159
2.14467     0.03165
2.14500     0.03170
2.14533     0.03176
2.14567     0.03182
2.14600     0.03188
2.14633     0.03193
2.14667     0.03199
2.14700     0.03205
2.14733     0.03210
2.14767     0.03216
2.14800     0.03222
2.14833     0.03228
2.14867     0.03233
2.14900     0.03239
2.14933     0.03245
2.14967     0.03250
2.15000     0.03256
2.15033     0.03262
2.15067     0.03267
2.15100     0.03273
2.15133     0.03279
2.15167     0.03284
2.15200     0.03290
2.15233     0.03296
2.15267     0.03301
2.15300     0.03307
2.15333     0.03312
2.15367     0.03318
2.15400     0.03324
2.15433     0.03329
2.15467     0.03335
2.15500     0.03340
2.15533     0.03346
2.15567     0.03351
2.15600     0.03357
2.15633     0.03363
2.15667     0.03368
2.15700     0.03374
2.15733     0.03379
2.15767     0.03385
2.15800     0.03390
2.15833     0.03396
2.15867     0.03401
2.15900     0.03407
2.15933     0.03412
2.15967     0.03418
2.16000     0.03423
2.16033     0.03429
2.16067     0.03434
2.16100     0.03440
2.16133     0.03445
2.16167     0.03451
2.16200     0.03456
2.16233     0.03462
2.16267     0.03467
2.16300     0.03472
2.16333     0.03478
2.16367     0.03483
2.16400     0.03489
2.16433     0.03494
2.16467     0.03500
2.16500     0.03505
2.16533     0.03510
2.16567     0.03516
2.16600     0.03521
2.16633     0.03526
2.16667     0.03532
2.16700     0.03537
2.16733     0.03543
2.16767     0.03548
2.16800     0.03553
2.16833     0.03559
2.16867     0.03564
2.16900     0.03569
2.16933     0.03575
2.16967     0.03580
2.17000     0.03585
2.17033     0.03591
2.17067     0.03596
2.17100     0.03601
2.17133     0.03606
2.17167     0.03612
2.17200     0.03617
2.17233     0.03622
2.17267     0.03628
2.17300     0.03633
2.17333     0.03638
2.17367     0.03643
2.17400     0.03649
2.17433     0.03654
2.17467     0.03659
2.17500     0.03664
2.17533     0.03669
2.17567     0.03675
2.17600     0.03680
2.17633     0.03685
2.17667     0.03690
2.17700     0.03696
2.17733     0.03701
2.17767     0.03706
2.17800     0.03711
2.17833     0.03716
2.17867     0.03721
2.17900     0.03727
2.17933     0.03732
2.17967     0.03737
2.18000     0.03742
2.18033     0.03747
2.18067     0.03752
2.18100     0.03757
2.18133     0.03763
2.18167     0.03768
2.18200     0.03773
2.18233     0.03778
2.18267     0.03783
2.18300     0.03788
2.18333     0.03793
2.18367     0.03798
2.18400     0.03803
2.18433     0.03808
2.18467     0.03813
2.18500     0.03818
2.18533     0.03824
2.18567     0.03829
2.18600     0.03834
2.18633     0.03839
2.18667     0.03844
2.18700     0.03849
2.18733     0.03854
2.18767     0.03859
2.18800     0.03864
2.18833     0.03869
2.18867     0.03874
2.18900     0.03879
2.18933     0.03884
2.18967     0.03889
2.19000     0.03894
2.19033     0.03899
2.19067     0.03904
2.19100     0.03909
2.19133     0.03914
2.19167     0.03918
2.19200     0.03923
2.19233     0.03928
2.19267     0.03933
2.19300     0.03938
2.19333     0.03943
2.19367     0.03948
2.19400     0.03953
2.19433     0.03958
2.19467     0.03963
2.19500     0.03968
2.19533     0.03973
2.19567     0.03977
2.19600     0.03982
2.19633     0.03987
2.19667     0.03992
2.19700     0.03997
2.19733     0.04002
2.19767     0.04007
2.19800     0.04011
2.19833     0.04016
2.19867     0.04021
2.19900     0.04026
2.19933     0.04031
2.19967     0.04036
2.20000     0.04040
2.20033     0.04045
2.20067     0.04050
2.20100     0.04055
2.20133     0.04060
2.20167     0.04064
2.20200     0.04069
2.20233     0.04074
2.20267     0.04079
2.20300     0.04083
2.20333     0.04088
2.20367     0.04093
2.20400     0.04098
2.20433     0.04102
2.20467     0.04107
2.20500     0.04112
2.20533     0.04117
2.20567     0.04121
2.20600     0.04126
2.20633     0.04131
2.20667     0.04135
2.20700     0.04140
2.20733     0.04145
2.20767     0.04150
2.20800     0.04154
2.20833     0.04159
2.20867     0.04164
2.20900     0.04168
2.20933     0.04173
2.20967     0.04178
2.21000     0.04182
2.21033     0.04187
2.21067     0.04192
2.21100     0.04196
2.21133     0.04201
2.21167     0.04205
2.21200     0.04210
2.21233     0.04215
2.21267     0.04219
2.21300     0.04224
2.21333     0.04228
2.21367     0.04233
2.21400     0.04238
2.21433     0.04242
2.21467     0.04247
2.21500     0.04251
2.21533     0.04256
2.21567     0.04261
2.21600     0.04265
2.21633     0.04270
2.21667     0.04274
2.21700     0.04279
2.21733     0.04283
2.21767     0.04288
2.21800     0.04292
2.21833     0.04297
2.21867     0.04301
2.21900     0.04306
2.21933     0.04310
2.21967     0.04315
2.22000     0.04319
2.22033     0.04324
2.22067     0.04328
2.22100     0.04333
2.22133     0.04337
2.22167     0.04342
2.22200     0.04346
2.22233     0.04351
2.22267     0.04355
2.22300     0.04360
2.22333     0.04364
2.22367     0.04369
2.22400     0.04373
2.22433     0.04377
2.22467     0.04382
2.22500     0.04386
2.22533     0.04391
2.22567     0.04395
2.22600     0.04399
2.22633     0.04404
2.22667     0.04408
2.22700     0.04413
2.22733     0.04417
2.22767     0.04421
2.22800     0.04426
2.22833     0.04430
2.22867     0.04435
2.22900     0.04439
2.22933     0.04443
2.22967     0.04448
2.23000     0.04452
2.23033     0.04456
2.23067     0.04461
2.23100     0.04465
2.23133     0.04469
2.23167     0.04474
2.23200     0.04478
2.23233     0.04482
2.23267     0.04487
2.23300     0.04491
2.23333     0.04495
2.23367     0.04499
2.23400     0.04504
2.23433     0.04508
2.23467     0.04512
2.23500     0.04517
2.23533     0.04521
2.23567     0.04525
2.23600     0.04529
2.23633     0.04534
2.23667     0.04538
2.23700     0.04542
2.23733     0.04546
2.23767     0.04551
2.23800     0.04555
2.23833     0.04559
2.23867     0.04563
2.23900     0.04567
2.23933     0.04572
2.23967     0.04576
2.24000     0.04580
2.24033     0.04584
2.24067     0.04588
2.24100     0.04593
2.24133     0.04597
2.24167     0.04601
2.24200     0.04605
2.24233     0.04609
2.24267     0.04614
2.24300     0.04618
2.24333     0.04622
2.24367     0.04626
2.24400     0.04630
2.24433     0.04634
2.24467     0.04638
2.24500     0.04642
2.24533     0.04647
2.24567     0.04651
2.24600     0.04655
2.24633     0.04659
2.24667     0.04663
2.24700     0.04667
2.24733     0.04671
2.24767     0.04675
2.24800     0.04679
2.24833     0.04684
2.24867     0.04688
2.24900     0.04692
2.24933     0.04696
2.24967     0.04700
2.25000     0.04704
2.25033     0.04708
2.25067     0.04712
2.25100     0.04716
2.25133     0.04720
2.25167     0.04724
2.25200     0.04728
2.25233     0.04732
2.25267     0.04736
2.25300     0.04740
2.25333     0.04744
2.25367     0.04748
2.25400     0.04752
2.25433     0.04756
2.25467     0.04760
2.25500     0.04764
2.25533     0.04768
2.25567     0.04772
2.25600     0.04776
2.25633     0.04780
2.25667     0.04784
2.25700     0.04788
2.25733     0.04792
2.25767     0.04796
2.25800     0.04800
2.25833     0.04804
2.25867     0.04808
2.25900     0.04812
2.25933     0.04815
2.25967     0.04819
2.26000     0.04823
2.26033     0.04827
2.26067     0.04831
2.26100     0.04835
2.26133     0.04839
2.26167     0.04843
2.26200     0.04847
2.26233     0.04851
2.26267     0.04854
2.26300     0.04858
2.26333     0.04862
2.26367     0.04866
2.26400     0.04870
2.26433     0.04874
2.26467     0.04878
2.26500     0.04882
2.26533     0.04885
2.26567     0.04889
2.26600     0.04893
2.26633     0.04897
2.26667     0.04901
2.26700     0.04904
2.26733     0.04908
2.26767     0.04912
2.26800     0.04916
2.26833     0.04920
2.26867     0.04924
2.26900     0.04927
2.26933     0.04931
2.26967     0.04935
2.27000     0.04939
2.27033     0.04942
2.27067     0.04946
2.27100     0.04950
2.27133     0.04954
2.27167     0.04958
2.27200     0.04961
2.27233     0.04965
2.27267     0.04969
2.27300     0.04972
2.27333     0.04976
2.27367     0.04980
2.27400     0.04984
2.27433     0.04987
2.27467     0.04991
2.27500     0.04995
2.27533     0.04999
2.27567     0.05002
2.27600     0.05006
2.27633     0.05010
2.27667     0.05013
2.27700     0.05017
2.27733     0.05021
2.27767     0.05024
2.27800     0.05028
2.27833     0.05032
2.27867     0.05035
2.27900     0.05039
2.27933     0.05043
2.27967     0.05046
2.28000     0.05050
2.28033     0.05054
2.28067     0.05057
2.28100     0.05061
2.28133     0.05065
2.28167     0.05068
2.28200     0.05072
2.28233     0.05075
2.28267     0.05079
2.28300     0.05083
2.28333     0.05086
2.28367     0.05090
2.28400     0.05093
2.28433     0.05097
2.28467     0.05101
2.28500     0.05104
2.28533     0.05108
2.28567     0.05111
2.28600     0.05115
2.28633     0.05118
2.28667     0.05122
2.28700     0.05126
2.28733     0.05129
2.28767     0.05133
2.28800     0.05136
2.28833     0.05140
2.28867     0.05143
2.28900     0.05147
2.28933     0.05150
2.28967     0.05154
2.29000     0.05157
2.29033     0.05161
2.29067     0.05164
2.29100     0.05168
2.29133     0.05171
2.29167     0.05175
2.29200     0.05178
2.29233     0.05182
2.29267     0.05185
2.29300     0.05189
2.29333     0.05192
2.29367     0.05196
2.29400     0.05199
2.29433     0.05203
2.29467     0.05206
2.29500     0.05210
2.29533     0.05213
2.29567     0.05216
2.29600     0.05220
2.29633     0.05223
2.29667     0.05227
2.29700     0.05230
2.29733     0.05234
2.29767     0.05237
2.29800     0.05240
2.29833     0.05244
2.29867     0.05247
2.29900     0.05251
2.29933     0.05254
2.29967     0.05257
2.30000     0.05261
2.30033     0.05264
2.30067     0.05268
2.30100     0.05271
2.30133     0.05274
2.30167     0.05278
2.30200     0.05281
2.30233     0.05284
2.30267     0.05288
2.30300     0.05291
2.30333     0.05295
2.30367     0.05298
2.30400     0.05301
2.30433     0.05305
2.30467     0.05308
2.30500     0.05311
2.30533     0.05315
2.30567     0.05318
2.30600     0.05321
2.30633     0.05324
2.30667     0.05328
2.30700     0.05331
2.30733     0.05334
2.30767     0.05338
2.30800     0.05341
2.30833     0.05344
2.30867     0.05348
2.30900     0.05351
2.30933     0.05354
2.30967     0.05357
2.31000     0.05361
2.31033     0.05364
2.31067     0.05367
2.31100     0.05370
2.31133     0.05374
2.31167     0.05377
2.31200     0.05380
2.31233     0.05383
2.31267     0.05387
2.31300     0.05390
2.31333     0.05393
2.31367     0.05396
2.31400     0.05400
2.31433     0.05403
2.31467     0.05406
2.31500     0.05409
2.31533     0.05412
2.31567     0.05416
2.31600     0.05419
2.31633     0.05422
2.31667     0.05425
2.31700     0.05428
2.31733     0.05431
2.31767     0.05435
2.31800     0.05438
2.31833     0.05441
2.31867     0.05444
2.31900     0.05447
2.31933     0.05450
2.31967     0.05454
2.32000     0.05457
2.32033     0.05460
2.32067     0.05463
2.32100     0.05466
2.32133     0.05469
2.32167     0.05472
2.32200     0.05476
2.32233     0.05479
2.32267     0.05482
2.32300     0.05485
2.32333     0.05488
2.32367     0.05491
2.32400     0.05494
2.32433     0.05497
2.32467     0.05500
2.32500     0.05503
2.32533     0.05507
2.32567     0.05510
2.32600     0.05513
2.32633     0.05516
2.32667     0.05519
2.32700     0.05522
2.32733     0.05525
2.32767     0.05528
2.32800     0.05531
2.32833     0.05534
2.32867     0.05537
2.32900     0.05540
2.32933     0.05543
2.32967     0.05546
2.33000     0.05549
2.33033     0.05552
2.33067     0.05555
2.33100     0.05558
2.33133     0.05561
2.33167     0.05564
2.33200     0.05567
2.33233     0.05570
2.33267     0.05573
2.33300     0.05576
2.33333     0.05579
2.33367     0.05582
2.33400     0.05585
2.33433     0.05588
2.33467     0.05591
2.33500     0.05594
2.33533     0.05597
2.33567     0.05600
2.33600     0.05603
2.33633     0.05606
2.33667     0.05609
2.33700     0.05612
2.33733     0.05615
2.33767     0.05618
2.33800     0.05621
2.33833     0.05624
2.33867     0.05627
2.33900     0.05630
2.33933     0.05633
2.33967     0.05636
2.34000     0.05638
2.34033     0.05641
2.34067     0.05644
2.34100     0.05647
2.34133     0.05650
2.34167     0.05653
2.34200     0.05656
2.34233     0.05659
2.34267     0.05662
2.34300     0.05664
2.34333     0.05667
2.34367     0.05670
2.34400     0.05673
2.34433     0.05676
2.34467     0.05679
2.34500     0.05682
2.34533     0.05685
2.34567     0.05687
2.34600     0.05690
2.34633     0.05693
2.34667     0.05696
2.34700     0.05699
2.34733     0.05702
2.34767     0.05704
2.34800     0.05707
2.34833     0.05710
2.34867     0.05713
2.34900     0.05716
2.34933     0.05719
2.34967     0.05721
2.35000     0.05724
2.35033     0.05727
2.35067     0.05730
2.35100     0.05733
2.35133     0.05735
2.35167     0.05738
2.35200     0.05741
2.35233     0.05744
2.35267     0.05746
2.35300     0.05749
2.35333     0.05752
2.35367     0.05755
2.35400     0.05758
2.35433     0.05760
2.35467     0.05763
2.35500     0.05766
2.35533     0.05769
2.35567     0.05771
2.35600     0.05774
2.35633     0.05777
2.35667     0.05779
2.35700     0.05782
2.35733     0.05785
2.35767     0.05788
2.35800     0.05790
2.35833     0.05793
2.35867     0.05796
2.35900     0.05798
2.35933     0.05801
2.35967     0.05804
2.36000     0.05807
2.36033     0.05809
2.36067     0.05812
2.36100     0.05815
2.36133     0.05817
2.36167     0.05820
2.36200     0.05823
2.36233     0.05825
2.36267     0.05828
2.36300     0.05831
2.36333     0.05833
2.36367     0.05836
2.36400     0.05839
2.36433     0.05841
2.36467     0.05844
2.36500     0.05847
2.36533     0.05849
2.36567     0.05852
2.36600     0.05854
2.36633     0.05857
2.36667     0.05860
2.36700     0.05862
2.36733     0.05865
2.36767     0.05868
2.36800     0.05870
2.36833     0.05873
2.36867     0.05875
2.36900     0.05878
2.36933     0.05881
2.36967     0.05883
2.37000     0.05886
2.37033     0.05888
2.37067     0.05891
2.37100     0.05893
2.37133     0.05896
2.37167     0.05899
2.37200     0.05901
2.37233     0.05904
2.37267     0.05906
2.37300     0.05909
2.37333     0.05911
2.37367     0.05914
2.37400     0.05917
2.37433     0.05919
2.37467     0.05922
2.37500     0.05924
2.37533     0.05927
2.37567     0.05929
2.37600     0.05932
2.37633     0.05934
2.37667     0.05937
2.37700     0.05939
2.37733     0.05942
2.37767     0.05944
2.37800     0.05947
2.37833     0.05949
2.37867     0.05952
2.37900     0.05954
2.37933     0.05957
2.37967     0.05959
2.38000     0.05962
2.38033     0.05964
2.38067     0.05967
2.38100     0.05969
2.38133     0.05972
2.38167     0.05974
2.38200     0.05977
2.38233     0.05979
2.38267     0.05982
2.38300     0.05984
2.38333     0.05986
2.38367     0.05989
2.38400     0.05991
2.38433     0.05994
2.38467     0.05996
2.38500     0.05999
2.38533     0.06001
2.38567     0.06004
2.38600     0.06006
2.38633     0.06008
2.38667     0.06011
2.38700     0.06013
2.38733     0.06016
2.38767     0.06018
2.38800     0.06020
2.38833     0.06023
2.38867     0.06025
2.38900     0.06028
2.38933     0.06030
2.38967     0.06032
2.39000     0.06035
2.39033     0.06037
2.39067     0.06040
2.39100     0.06042
2.39133     0.06044
2.39167     0.06047
2.39200     0.06049
2.39233     0.06051
2.39267     0.06054
2.39300     0.06056
2.39333     0.06058
2.39367     0.06061
2.39400     0.06063
2.39433     0.06066
2.39467     0.06068
2.39500     0.06070
2.39533     0.06073
2.39567     0.06075
2.39600     0.06077
2.39633     0.06079
2.39667     0.06082
2.39700     0.06084
2.39733     0.06086
2.39767     0.06089
2.39800     0.06091
2.39833     0.06093
2.39867     0.06096
2.39900     0.06098
2.39933     0.06100
2.39967     0.06103
2.40000     0.06105
2.40033     0.06107
2.40067     0.06109
2.40100     0.06112
2.40133     0.06114
2.40167     0.06116
2.40200     0.06118
2.40233     0.06121
2.40267     0.06123
2.40300     0.06125
2.40333     0.06128
2.40367     0.06130
2.40400     0.06132
2.40433     0.06134
2.40467     0.06136
2.40500     0.06139
2.40533     0.06141
2.40567     0.06143
2.40600     0.06145
2.40633     0.06148
2.40667     0.06150
2.40700     0.06152
2.40733     0.06154
2.40767     0.06157
2.40800     0.06159
2.40833     0.06161
2.40867     0.06163
2.40900     0.06165
2.40933     0.06168
2.40967     0.06170
2.41000     0.06172
2.41033     0.06174
2.41067     0.06176
2.41100     0.06178
2.41133     0.06181
2.41167     0.06183
2.41200     0.06185
2.41233     0.06187
2.41267     0.06189
2.41300     0.06191
2.41333     0.06194
2.41367     0.06196
2.41400     0.06198
2.41433     0.06200
2.41467     0.06202
2.41500     0.06204
2.41533     0.06207
2.41567     0.06209
2.41600     0.06211
2.41633     0.06213
2.41667     0.06215
2.41700     0.06217
2.41733     0.06219
2.41767     0.06221
2.41800     0.06224
2.41833     0.06226
2.41867     0.06228
2.41900     0.06230
2.41933     0.06232
2.41967     0.06234
2.42000     0.06236
2.42033     0.06238
2.42067     0.06240
2.42100     0.06242
2.42133     0.06245
2.42167     0.06247
2.42200     0.06249
2.42233     0.06251
2.42267     0.06253
2.42300     0.06255
2.42333     0.06257
2.42367     0.06259
2.42400     0.06261
2.42433     0.06263
2.42467     0.06265
2.42500     0.06267
2.42533     0.06269
2.42567     0.06271
2.42600     0.06273
2.42633     0.06275
2.42667     0.06278
2.42700     0.06280
2.42733     0.06282
2.42767     0.06284
2.42800     0.06286
2.42833     0.06288
2.42867     0.06290
2.42900     0.06292
2.42933     0.06294
2.42967     0.06296
2.43000     0.06298
2.43033     0.06300
2.43067     0.06302
2.43100     0.06304
2.43133     0.06306
2.43167     0.06308
2.43200     0.06310
2.43233     0.06312
2.43267     0.06314
2.43300     0.06316
2.43333     0.06318
2.43367     0.06320
2.43400     0.06322
2.43433     0.06324
2.43467     0.06325
2.43500     0.06327
2.43533     0.06329
2.43567     0.06331
2.43600     0.06333
2.43633     0.06335
2.43667     0.06337
2.43700     0.06339
2.43733     0.06341
2.43767     0.06343
2.43800     0.06345
2.43833     0.06347
2.43867     0.06349
2.43900     0.06351
2.43933     0.06353
2.43967     0.06355
2.44000     0.06357
2.44033     0.06358
2.44067     0.06360
2.44100     0.06362
2.44133     0.06364
2.44167     0.06366
2.44200     0.06368
2.44233     0.06370
2.44267     0.06372
2.44300     0.06374
2.44333     0.06376
2.44367     0.06377
2.44400     0.06379
2.44433     0.06381
2.44467     0.06383
2.44500     0.06385
2.44533     0.06387
2.44567     0.06389
2.44600     0.06391
2.44633     0.06392
2.44667     0.06394
2.44700     0.06396
2.44733     0.06398
2.44767     0.06400
2.44800     0.06402
2.44833     0.06404
2.44867     0.06405
2.44900     0.06407
2.44933     0.06409
2.44967     0.06411
2.45000     0.06413
2.45033     0.06415
2.45067     0.06416
2.45100     0.06418
2.45133     0.06420
2.45167     0.06422
2.45200     0.06424
2.45233     0.06425
2.45267     0.06427
2.45300     0.06429
2.45333     0.06431
2.45367     0.06433
2.45400     0.06434
2.45433     0.06436
2.45467     0.06438
2.45500     0.06440
2.45533     0.06442
2.45567     0.06443
2.45600     0.06445
2.45633     0.06447
2.45667     0.06449
2.45700     0.06451
2.45733     0.06452
2.45767     0.06454
2.45800     0.06456
2.45833     0.06458
2.45867     0.06459
2.45900     0.06461
2.45933     0.06463
2.45967     0.06465
2.46000     0.06466
2.46033     0.06468
2.46067     0.06470
2.46100     0.06472
2.46133     0.06473
2.46167     0.06475
2.46200     0.06477
2.46233     0.06478
2.46267     0.06480
2.46300     0.06482
2.46333     0.06484
2.46367     0.06485
2.46400     0.06487
2.46433     0.06489
2.46467     0.06491
2.46500     0.06492
2.46533     0.06494
2.46567     0.06496
2.46600     0.06497
2.46633     0.06499
2.46667     0.06501
2.46700     0.06502
2.46733     0.06504
2.46767     0.06506
2.46800     0.06507
2.46833     0.06509
2.46867     0.06511
2.46900     0.06512
2.46933     0.06514
2.46967     0.06516
2.47000     0.06517
2.47033     0.06519
2.47067     0.06521
2.47100     0.06522
2.47133     0.06524
2.47167     0.06526
2.47200     0.06527
2.47233     0.06529
2.47267     0.06531
2.47300     0.06532
2.47333     0.06534
2.47367     0.06536
2.47400     0.06537
2.47433     0.06539
2.47467     0.06540
2.47500     0.06542
2.47533     0.06544
2.47567     0.06545
2.47600     0.06547
2.47633     0.06549
2.47667     0.06550
2.47700     0.06552
2.47733     0.06553
2.47767     0.06555
2.47800     0.06557
2.47833     0.06558
2.47867     0.06560
2.47900     0.06561
2.47933     0.06563
2.47967     0.06565
2.48000     0.06566
2.48033     0.06568
2.48067     0.06569
2.48100     0.06571
2.48133     0.06572
2.48167     0.06574
2.48200     0.06576
2.48233     0.06577
2.48267     0.06579
2.48300     0.06580
2.48333     0.06582
2.48367     0.06583
2.48400     0.06585
2.48433     0.06587
2.48467     0.06588
2.48500     0.06590
2.48533     0.06591
2.48567     0.06593
2.48600     0.06594
2.48633     0.06596
2.48667     0.06597
2.48700     0.06599
2.48733     0.06600
2.48767     0.06602
2.48800     0.06603
2.48833     0.06605
2.48867     0.06606
2.48900     0.06608
2.48933     0.06609
2.48967     0.06611
2.49000     0.06613
2.49033     0.06614
2.49067     0.06616
2.49100     0.06617
2.49133     0.06619
2.49167     0.06620
2.49200     0.06621
2.49233     0.06623
2.49267     0.06624
2.49300     0.06626
2.49333     0.06627
2.49367     0.06629
2.49400     0.06630
2.49433     0.06632
2.49467     0.06633
2.49500     0.06635
2.49533     0.06636
2.49567     0.06638
2.49600     0.06639
2.49633     0.06641
2.49667     0.06642
2.49700     0.06644
2.49733     0.06645
2.49767     0.06646
2.49800     0.06648
2.49833     0.06649
2.49867     0.06651
2.49900     0.06652
2.49933     0.06654
2.49967     0.06655
2.50000     0.06657
2.50033     0.06658
2.50067     0.06659
2.50100     0.06661
2.50133     0.06662
2.50167     0.06664
2.50200     0.06665
2.50233     0.06666
2.50267     0.06668
2.50300     0.06669
2.50333     0.06671
2.50367     0.06672
2.50400     0.06673
2.50433     0.06675
2.50467     0.06676
2.50500     0.06678
2.50533     0.06679
2.50567     0.06680
2.50600     0.06682
2.50633     0.06683
2.50667     0.06685
2.50700     0.06686
2.50733     0.06687
2.50767     0.06689
2.50800     0.06690
2.50833     0.06691
2.50867     0.06693
2.50900     0.06694
2.50933     0.06696
2.50967     0.06697
2.51000     0.06698
2.51033     0.06700
2.51067     0.06701
2.51100     0.06702
2.51133     0.06704
2.51167     0.06705
2.51200     0.06706
2.51233     0.06708
2.51267     0.06709
2.51300     0.06710
2.51333     0.06712
2.51367     0.06713
2.51400     0.06714
2.51433     0.06716
2.51467     0.06717
2.51500     0.06718
2.51533     0.06720
2.51567     0.06721
2.51600     0.06722
2.51633     0.06724
2.51667     0.06725
2.51700     0.06726
2.51733     0.06728
2.51767     0.06729
2.51800     0.06730
2.51833     0.06731
2.51867     0.06733
2.51900     0.06734
2.51933     0.06735
2.51967     0.06737
2.52000     0.06738
2.52033     0.06739
2.52067     0.06740
2.52100     0.06742
2.52133     0.06743
2.52167     0.06744
2.52200     0.06746
2.52233     0.06747
2.52267     0.06748
2.52300     0.06749
2.52333     0.06751
2.52367     0.06752
2.52400     0.06753
2.52433     0.06754
2.52467     0.06756
2.52500     0.06757
2.52533     0.06758
2.52567     0.06759
2.52600     0.06761
2.52633     0.06762
2.52667     0.06763
2.52700     0.06764
2.52733     0.06766
2.52767     0.06767
2.52800     0.06768
2.52833     0.06769
2.52867     0.06770
2.52900     0.06772
2.52933     0.06773
2.52967     0.06774
2.53000     0.06775
2.53033     0.06776
2.53067     0.06778
2.53100     0.06779
2.53133     0.06780
2.53167     0.06781
2.53200     0.06783
2.53233     0.06784
2.53267     0.06785
2.53300     0.06786
2.53333     0.06787
2.53367     0.06788
2.53400     0.06790
2.53433     0.06791
2.53467     0.06792
2.53500     0.06793
2.53533     0.06794
2.53567     0.06796
2.53600     0.06797
2.53633     0.06798
2.53667     0.06799
2.53700     0.06800
2.53733     0.06801
2.53767     0.06803
2.53800     0.06804
2.53833     0.06805
2.53867     0.06806
2.53900     0.06807
2.53933     0.06808
2.53967     0.06809
2.54000     0.06811
2.54033     0.06812
2.54067     0.06813
2.54100     0.06814
2.54133     0.06815
2.54167     0.06816
2.54200     0.06817
2.54233     0.06819
2.54267     0.06820
2.54300     0.06821
2.54333     0.06822
2.54367     0.06823
2.54400     0.06824
2.54433     0.06825
2.54467     0.06826
2.54500     0.06828
2.54533     0.06829
2.54567     0.06830
2.54600     0.06831
2.54633     0.06832
2.54667     0.06833
2.54700     0.06834
2.54733     0.06835
2.54767     0.06836
2.54800     0.06837
2.54833     0.06839
2.54867     0.06840
2.54900     0.06841
2.54933     0.06842
2.54967     0.06843
2.55000     0.06844
2.55033     0.06845
2.55067     0.06846
2.55100     0.06847
2.55133     0.06848
2.55167     0.06849
2.55200     0.06850
2.55233     0.06851
2.55267     0.06852
2.55300     0.06854
2.55333     0.06855
2.55367     0.06856
2.55400     0.06857
2.55433     0.06858
2.55467     0.06859
2.55500     0.06860
2.55533     0.06861
2.55567     0.06862
2.55600     0.06863
2.55633     0.06864
2.55667     0.06865
2.55700     0.06866
2.55733     0.06867
2.55767     0.06868
2.55800     0.06869
2.55833     0.06870
2.55867     0.06871
2.55900     0.06872
2.55933     0.06873
2.55967     0.06874
2.56000     0.06875
2.56033     0.06876
2.56067     0.06877
2.56100     0.06878
2.56133     0.06879
2.56167     0.06880
2.56200     0.06881
2.56233     0.06882
2.56267     0.06883
2.56300     0.06884
2.56333     0.06885
2.56367     0.06886
2.56400     0.06887
2.56433     0.06888
2.56467     0.06889
2.56500     0.06890
2.56533     0.06891
2.56567     0.06892
2.56600     0.06893
2.56633     0.06894
2.56667     0.06895
2.56700     0.06896
2.56733     0.06897
2.56767     0.06898
2.56800     0.06899
2.56833     0.06900
2.56867     0.06901
2.56900     0.06902
2.56933     0.06903
2.56967     0.06904
2.57000     0.06905
2.57033     0.06906
2.57067     0.06907
2.57100     0.06907
2.57133     0.06908
2.57167     0.06909
2.57200     0.06910
2.57233     0.06911
2.57267     0.06912
2.57300     0.06913
2.57333     0.06914
2.57367     0.06915
2.57400     0.06916
2.57433     0.06917
2.57467     0.06918
2.57500     0.06919
2.57533     0.06920
2.57567     0.06920
2.57600     0.06921
2.57633     0.06922
2.57667     0.06923
2.57700     0.06924
2.57733     0.06925
2.57767     0.06926
2.57800     0.06927
2.57833     0.06928
2.57867     0.06929
2.57900     0.06930
2.57933     0.06930
2.57967     0.06931
2.58000     0.06932
2.58033     0.06933
2.58067     0.06934
2.58100     0.06935
2.58133     0.06936
2.58167     0.06937
2.58200     0.06937
2.58233     0.06938
2.58267     0.06939
2.58300     0.06940
2.58333     0.06941
2.58367     0.06942
2.58400     0.06943
2.58433     0.06944
2.58467     0.06944
2.58500     0.06945
2.58533     0.06946
2.58567     0.06947
2.58600     0.06948
2.58633     0.06949
2.58667     0.06950
2.58700     0.06950
2.58733     0.06951
2.58767     0.06952
2.58800     0.06953
2.58833     0.06954
2.58867     0.06955
2.58900     0.06955
2.58933     0.06956
2.58967     0.06957
2.59000     0.06958
2.59033     0.06959
2.59067     0.06960
2.59100     0.06960
2.59133     0.06961
2.59167     0.06962
2.59200     0.06963
2.59233     0.06964
2.59267     0.06964
2.59300     0.06965
2.59333     0.06966
2.59367     0.06967
2.59400     0.06968
2.59433     0.06968
2.59467     0.06969
2.59500     0.06970
2.59533     0.06971
2.59567     0.06972
2.59600     0.06972
2.59633     0.06973
2.59667     0.06974
2.59700     0.06975
2.59733     0.06976
2.59767     0.06976
2.59800     0.06977
2.59833     0.06978
2.59867     0.06979
2.59900     0.06979
2.59933     0.06980
2.59967     0.06981
2.60000     0.06982
2.60033     0.06983
2.60067     0.06983
2.60100     0.06984
2.60133     0.06985
2.60167     0.06986
2.60200     0.06986
2.60233     0.06987
2.60267     0.06988
2.60300     0.06989
2.60333     0.06989
2.60367     0.06990
2.60400     0.06991
2.60433     0.06992
2.60467     0.06992
2.60500     0.06993
2.60533     0.06994
2.60567     0.06995
2.60600     0.06995
2.60633     0.06996
2.60667     0.06997
2.60700     0.06997
2.60733     0.06998
2.60767     0.06999
2.60800     0.07000
2.60833     0.07000
2.60867     0.07001
2.60900     0.07002
2.60933     0.07003
2.60967     0.07003
2.61000     0.07004
2.61033     0.07005
2.61067     0.07005
2.61100     0.07006
2.61133     0.07007
2.61167     0.07007
2.61200     0.07008
2.61233     0.07009
2.61267     0.07010
2.61300     0.07010
2.61333     0.07011
2.61367     0.07012
2.61400     0.07012
2.61433     0.07013
2.61467     0.07014
2.61500     0.07014
2.61533     0.07015
2.61567     0.07016
2.61600     0.07016
2.61633     0.07017
2.61667     0.07018
2.61700     0.07018
2.61733     0.07019
2.61767     0.07020
2.61800     0.07020
2.61833     0.07021
2.61867     0.07022
2.61900     0.07022
2.61933     0.07023
2.61967     0.07024
2.62000     0.07024
2.62033     0.07025
2.62067     0.07026
2.62100     0.07026
2.62133     0.07027
2.62167     0.07028
2.62200     0.07028
2.62233     0.07029
2.62267     0.07030
2.62300     0.07030
2.62333     0.07031
2.62367     0.07031
2.62400     0.07032
2.62433     0.07033
2.62467     0.07033
2.62500     0.07034
2.62533     0.07035
2.62567     0.07035
2.62600     0.07036
2.62633     0.07037
2.62667     0.07037
2.62700     0.07038
2.62733     0.07038
2.62767     0.07039
2.62800     0.07040
2.62833     0.07040
2.62867     0.07041
2.62900     0.07041
2.62933     0.07042
2.62967     0.07043
2.63000     0.07043
2.63033     0.07044
2.63067     0.07044
2.63100     0.07045
2.63133     0.07046
2.63167     0.07046
2.63200     0.07047
2.63233     0.07047
2.63267     0.07048
2.63300     0.07049
2.63333     0.07049
2.63367     0.07050
2.63400     0.07050
2.63433     0.07051
2.63467     0.07051
2.63500     0.07052
2.63533     0.07053
2.63567     0.07053
2.63600     0.07054
2.63633     0.07054
2.63667     0.07055
2.63700     0.07055
2.63733     0.07056
2.63767     0.07057
2.63800     0.07057
2.63833     0.07058
2.63867     0.07058
2.63900     0.07059
2.63933     0.07059
2.63967     0.07060
2.64000     0.07060
2.64033     0.07061
2.64067     0.07062
2.64100     0.07062
2.64133     0.07063
2.64167     0.07063
2.64200     0.07064
2.64233     0.07064
2.64267     0.07065
2.64300     0.07065
2.64333     0.07066
2.64367     0.07066
2.64400     0.07067
2.64433     0.07067
2.64467     0.07068
2.64500     0.07068
2.64533     0.07069
2.64567     0.07069
2.64600     0.07070
2.64633     0.07071
2.64667     0.07071
2.64700     0.07072
2.64733     0.07072
2.64767     0.07073
2.64800     0.07073
2.64833     0.07074
2.64867     0.07074
2.64900     0.07075
2.64933     0.07075
2.64967     0.07076
2.65000     0.07076
2.65033     0.07077
2.65067     0.07077
2.65100     0.07078
2.65133     0.07078
2.65167     0.07079
2.65200     0.07079
2.65233     0.07080
2.65267     0.07080
2.65300     0.07080
2.65333     0.07081
2.65367     0.07081
2.65400     0.07082
2.65433     0.07082
2.65467     0.07083
2.65500     0.07083
2.65533     0.07084
2.65567     0.07084
2.65600     0.07085
2.65633     0.07085
2.65667     0.07086
2.65700     0.07086
2.65733     0.07087
2.65767     0.07087
2.65800     0.07087
2.65833     0.07088
2.65867     0.07088
2.65900     0.07089
2.65933     0.07089
2.65967     0.07090
2.66000     0.07090
2.66033     0.07091
2.66067     0.07091
2.66100     0.07092
2.66133     0.07092
2.66167     0.07092
2.66200     0.07093
2.66233     0.07093
2.66267     0.07094
2.66300     0.07094
2.66333     0.07095
2.66367     0.07095
2.66400     0.07095
2.66433     0.07096
2.66467     0.07096
2.66500     0.07097
2.66533     0.07097
2.66567     0.07098
2.66600     0.07098
2.66633     0.07098
2.66667     0.07099
2.66700     0.07099
2.66733     0.07100
2.66767     0.07100
2.66800     0.07100
2.66833     0.07101
2.66867     0.07101
2.66900     0.07102
2.66933     0.07102
2.66967     0.07102
2.67000     0.07103
2.67033     0.07103
2.67067     0.07104
2.67100     0.07104
2.67133     0.07104
2.67167     0.07105
2.67200     0.07105
2.67233     0.07106
2.67267     0.07106
2.67300     0.07106
2.67333     0.07107
2.67367     0.07107
2.67400     0.07107
2.67433     0.07108
2.67467     0.07108
2.67500     0.07109
2.67533     0.07109
2.67567     0.07109
2.67600     0.07110
2.67633     0.07110
2.67667     0.07110
2.67700     0.07111
2.67733     0.07111
2.67767     0.07112
2.67800     0.07112
2.67833     0.07112
2.67867     0.07113
2.67900     0.07113
2.67933     0.07113
2.67967     0.07114
2.68000     0.07114
2.68033     0.07114
2.68067     0.07115
2.68100     0.07115
2.68133     0.07115
2.68167     0.07116
2.68200     0.07116
2.68233     0.07116
2.68267     0.07117
2.68300     0.07117
2.68333     0.07117
2.68367     0.07118
2.68400     0.07118
2.68433     0.07118
2.68467     0.07119
2.68500     0.07119
2.68533     0.07119
2.68567     0.07120
2.68600     0.07120
2.68633     0.07120
2.68667     0.07121
2.68700     0.07121
2.68733     0.07121
2.68767     0.07122
2.68800     0.07122
2.68833     0.07122
2.68867     0.07123
2.68900     0.07123
2.68933     0.07123
2.68967     0.07124
2.69000     0.07124
2.69033     0.07124
2.69067     0.07124
2.69100     0.07125
2.69133     0.07125
2.69167     0.07125
2.69200     0.07126
2.69233     0.07126
2.69267     0.07126
2.69300     0.07126
2.69333     0.07127
2.69367     0.07127
2.69400     0.07127
2.69433     0.07128
2.69467     0.07128
2.69500     0.07128
2.69533     0.07128
2.69567     0.07129
2.69600     0.07129
2.69633     0.07129
2.69667     0.07130
2.69700     0.07130
2.69733     0.07130
2.69767     0.07130
2.69800     0.07131
2.69833     0.07131
2.69867     0.07131
2.69900     0.07131
2.69933     0.07132
2.69967     0.07132
2.70000     0.07132
2.70033     0.07132
2.70067     0.07133
2.70100     0.07133
2.70133     0.07133
2.70167     0.07134
2.70200     0.07134
2.70233     0.07134
2.70267     0.07134
2.70300     0.07134
2.70333     0.07135
2.70367     0.07135
2.70400     0.07135
2.70433     0.07135
2.70467     0.07136
2.70500     0.07136
2.70533     0.07136
2.70567     0.07136
2.70600     0.07137
2.70633     0.07137
2.70667     0.07137
2.70700     0.07137
2.70733     0.07138
2.70767     0.07138
2.70800     0.07138
2.70833     0.07138
2.70867     0.07138
2.70900     0.07139
2.70933     0.07139
2.70967     0.07139
2.71000     0.07139
2.71033     0.07140
2.71067     0.07140
2.71100     0.07140
2.71133     0.07140
2.71167     0.07140
2.71200     0.07141
2.71233     0.07141
2.71267     0.07141
2.71300     0.07141
2.71333     0.07141
2.71367     0.07142
2.71400     0.07142
2.71433     0.07142
2.71467     0.07142
2.71500     0.07142
2.71533     0.07143
2.71567     0.07143
2.71600     0.07143
2.71633     0.07143
2.71667     0.07143
2.71700     0.07143
2.71733     0.07144
2.71767     0.07144
2.71800     0.07144
2.71833     0.07144
2.71867     0.07144
2.71900     0.07145
2.71933     0.07145
2.71967     0.07145
2.72000     0.07145
2.72033     0.07145
2.72067     0.07145
2.72100     0.07146
2.72133     0.07146
2.72167     0.07146
2.72200     0.07146
2.72233     0.07146
2.72267     0.07146
2.72300     0.07147
2.72333     0.07147
2.72367     0.07147
2.72400     0.07147
2.72433     0.07147
2.72467     0.07147
2.72500     0.07148
2.72533     0.07148
2.72567     0.07148
2.72600     0.07148
2.72633     0.07148
2.72667     0.07148
2.72700     0.07148
2.72733     0.07149
2.72767     0.07149
2.72800     0.07149
2.72833     0.07149
2.72867     0.07149
2.72900     0.07149
2.72933     0.07149
2.72967     0.07149
2.73000     0.07150
2.73033     0.07150
2.73067     0.07150
2.73100     0.07150
2.73133     0.07150
2.73167     0.07150
2.73200     0.07150
2.73233     0.07150
2.73267     0.07151
2.73300     0.07151
2.73333     0.07151
2.73367     0.07151
2.73400     0.07151
2.73433     0.07151
2.73467     0.07151
2.73500     0.07151
2.73533     0.07152
2.73567     0.07152
2.73600     0.07152
2.73633     0.07152
2.73667     0.07152
2.73700     0.07152
2.73733     0.07152
2.73767     0.07152
2.73800     0.07152
2.73833     0.07152
2.73867     0.07153
2.73900     0.07153
2.73933     0.07153
2.73967     0.07153
2.74000     0.07153
2.74033     0.07153
2.74067     0.07153
2.74100     0.07153
2.74133     0.07153
2.74167     0.07153
2.74200     0.07153
2.74233     0.07154
2.74267     0.07154
2.74300     0.07154
2.74333     0.07154
2.74367     0.07154
2.74400     0.07154
2.74433     0.07154
2.74467     0.07154
2.74500     0.07154
2.74533     0.07154
2.74567     0.07154
2.74600     0.07154
2.74633     0.07154
2.74667     0.07154
2.74700     0.07155
2.74733     0.07155
2.74767     0.07155
2.74800     0.07155
2.74833     0.07155
2.74867     0.07155
2.74900     0.07155
2.74933     0.07155
2.74967     0.07155
2.75000     0.07155
2.75033     0.07155
2.75067     0.07155
2.75100     0.07155
2.75133     0.07155
2.75167     0.07155
2.75200     0.07155
2.75233     0.07155
2.75267     0.07155
2.75300     0.07155
2.75333     0.07155
2.75367     0.07155
2.75400     0.07156
2.75433     0.07156
2.75467     0.07156
2.75500     0.07156
2.75533     0.07156
2.75567     0.07156
2.75600     0.07156
2.75633     0.07156
2.75667     0.07156
2.75700     0.07156
2.75733     0.07156
2.75767     0.07156
2.75800     0.07156
2.75833     0.07156
2.75867     0.07156
2.75900     0.07156
2.75933     0.07156
2.75967     0.07156
2.76000     0.07156
2.76033     0.07156
2.76067     0.07156
2.76100     0.07156
2.76133     0.07156
2.76167     0.07156
2.76200     0.07156
2.76233     0.07156
2.76267     0.07156
2.76300     0.07156
2.76333     0.07156
2.76367     0.07156
2.76400     0.07156
2.76433     0.07156
2.76467     0.07156
2.76500     0.07156
2.76533     0.07156
2.76567     0.07156
2.76600     0.07156
2.76633     0.07156
2.76667     0.07156
2.76700     0.07156
2.76733     0.07156
2.76767     0.07156
2.76800     0.07156
2.76833     0.07156
2.76867     0.07156
2.76900     0.07156
2.76933     0.07156
2.76967     0.07156
2.77000     0.07156
2.77033     0.07156
2.77067     0.07156
2.77100     0.07156
2.77133     0.07156
2.77167     0.07156
2.77200     0.07156
2.77233     0.07156
2.77267     0.07156
2.77300     0.07155
2.77333     0.07155
2.77367     0.07155
2.77400     0.07155
2.77433     0.07155
2.77467     0.07155
2.77500     0.07155
2.77533     0.07155
2.77567     0.07155
2.77600     0.07155
2.77633     0.07155
2.77667     0.07155
2.77700     0.07155
2.77733     0.07155
2.77767     0.07155
2.77800     0.07155
2.77833     0.07155
2.77867     0.07155
2.77900     0.07155
2.77933     0.07155
2.77967     0.07155
2.78000     0.07154
2.78033     0.07154
2.78067     0.07154
2.78100     0.07154
2.78133     0.07154
2.78167     0.07154
2.78200     0.07154
2.78233     0.07154
2.78267     0.07154
2.78300     0.07154
2.78333     0.07154
2.78367     0.07154
2.78400     0.07154
2.78433     0.07154
2.78467     0.07153
2.78500     0.07153
2.78533     0.07153
2.78567     0.07153
2.78600     0.07153
2.78633     0.07153
2.78667     0.07153
2.78700     0.07153
2.78733     0.07153
2.78767     0.07153
2.78800     0.07153
2.78833     0.07153
2.78867     0.07152
2.78900     0.07152
2.78933     0.07152
2.78967     0.07152
2.79000     0.07152
2.79033     0.07152
2.79067     0.07152
2.79100     0.07152
2.79133     0.07152
2.79167     0.07152
2.79200     0.07151
2.79233     0.07151
2.79267     0.07151
2.79300     0.07151
2.79333     0.07151
2.79367     0.07151
2.79400     0.07151
2.79433     0.07151
2.79467     0.07151
2.79500     0.07151
2.79533     0.07150
2.79567     0.07150
2.79600     0.07150
2.79633     0.07150
2.79667     0.07150
2.79700     0.07150
2.79733     0.07150
2.79767     0.07150
2.79800     0.07149
2.79833     0.07149
2.79867     0.07149
2.79900     0.07149
2.79933     0.07149
2.79967     0.07149
2.80000     0.07149
2.80033     0.07149
2.80067     0.07148
2.80100     0.07148
2.80133     0.07148
2.80167     0.07148
2.80200     0.07148
2.80233     0.07148
2.80267     0.07148
2.80300     0.07147
2.80333     0.07147
2.80367     0.07147
2.80400     0.07147
2.80433     0.07147
2.80467     0.07147
2.80500     0.07147
2.80533     0.07146
2.80567     0.07146
2.80600     0.07146
2.80633     0.07146
2.80667     0.07146
2.80700     0.07146
2.80733     0.07146
2.80767     0.07145
2.80800     0.07145
2.80833     0.07145
2.80867     0.07145
2.80900     0.07145
2.80933     0.07145
2.80967     0.07144
2.81000     0.07144
2.81033     0.07144
2.81067     0.07144
2.81100     0.07144
2.81133     0.07144
2.81167     0.07143
2.81200     0.07143
2.81233     0.07143
2.81267     0.07143
2.81300     0.07143
2.81333     0.07143
2.81367     0.07142
2.81400     0.07142
2.81433     0.07142
2.81467     0.07142
2.81500     0.07142
2.81533     0.07141
2.81567     0.07141
2.81600     0.07141
2.81633     0.07141
2.81667     0.07141
2.81700     0.07141
2.81733     0.07140
2.81767     0.07140
2.81800     0.07140
2.81833     0.07140
2.81867     0.07140
2.81900     0.07139
2.81933     0.07139
2.81967     0.07139
2.82000     0.07139
2.82033     0.07139
2.82067     0.07138
2.82100     0.07138
2.82133     0.07138
2.82167     0.07138
2.82200     0.07138
2.82233     0.07137
2.82267     0.07137
2.82300     0.07137
2.82333     0.07137
2.82367     0.07137
2.82400     0.07136
2.82433     0.07136
2.82467     0.07136
2.82500     0.07136
2.82533     0.07136
2.82567     0.07135
2.82600     0.07135
2.82633     0.07135
2.82667     0.07135
2.82700     0.07134
2.82733     0.07134
2.82767     0.07134
2.82800     0.07134
2.82833     0.07134
2.82867     0.07133
2.82900     0.07133
2.82933     0.07133
2.82967     0.07133
2.83000     0.07132
2.83033     0.07132
2.83067     0.07132
2.83100     0.07132
2.83133     0.07132
2.83167     0.07131
2.83200     0.07131
2.83233     0.07131
2.83267     0.07131
2.83300     0.07130
2.83333     0.07130
2.83367     0.07130
2.83400     0.07130
2.83433     0.07129
2.83467     0.07129
2.83500     0.07129
2.83533     0.07129
2.83567     0.07128
2.83600     0.07128
2.83633     0.07128
2.83667     0.07128
2.83700     0.07127
2.83733     0.07127
2.83767     0.07127
2.83800     0.07127
2.83833     0.07126
2.83867     0.07126
2.83900     0.07126
2.83933     0.07126
2.83967     0.07125
2.84000     0.07125
2.84033     0.07125
2.84067     0.07125
2.84100     0.07124
2.84133     0.07124
2.84167     0.07124
2.84200     0.07124
2.84233     0.07123
2.84267     0.07123
2.84300     0.07123
2.84333     0.07123
2.84367     0.07122
2.84400     0.07122
2.84433     0.07122
2.84467     0.07121
2.84500     0.07121
2.84533     0.07121
2.84567     0.07121
2.84600     0.07120
2.84633     0.07120
2.84667     0.07120
2.84700     0.07120
2.84733     0.07119
2.84767     0.07119
2.84800     0.07119
2.84833     0.07118
2.84867     0.07118
2.84900     0.07118
2.84933     0.07118
2.84967     0.07117
2.85000     0.07117
2.85033     0.07117
2.85067     0.07116
2.85100     0.07116
2.85133     0.07116
2.85167     0.07116
2.85200     0.07115
2.85233     0.07115
2.85267     0.07115
2.85300     0.07114
2.85333     0.07114
2.85367     0.07114
2.85400     0.07113
2.85433     0.07113
2.85467     0.07113
2.85500     0.07113
2.85533     0.07112
2.85567     0.07112
2.85600     0.07112
2.85633     0.07111
2.85667     0.07111
2.85700     0.07111
2.85733     0.07110
2.85767     0.07110
2.85800     0.07110
2.85833     0.07110
2.85867     0.07109
2.85900     0.07109
2.85933     0.07109
2.85967     0.07108
2.86000     0.07108
2.86033     0.07108
2.86067     0.07107
2.86100     0.07107
2.86133     0.07107
2.86167     0.07106
2.86200     0.07106
2.86233     0.07106
2.86267     0.07105
2.86300     0.07105
2.86333     0.07105
2.86367     0.07104
2.86400     0.07104
2.86433     0.07104
2.86467     0.07103
2.86500     0.07103
2.86533     0.07103
2.86567     0.07102
2.86600     0.07102
2.86633     0.07102
2.86667     0.07101
2.86700     0.07101
2.86733     0.07101
2.86767     0.07100
2.86800     0.07100
2.86833     0.07100
2.86867     0.07099
2.86900     0.07099
2.86933     0.07099
2.86967     0.07098
2.87000     0.07098
2.87033     0.07098
2.87067     0.07097
2.87100     0.07097
2.87133     0.07097
2.87167     0.07096
2.87200     0.07096
2.87233     0.07096
2.87267     0.07095
2.87300     0.07095
2.87333     0.07095
2.87367     0.07094
2.87400     0.07094
2.87433     0.07093
2.87467     0.07093
2.87500     0.07093
2.87533     0.07092
2.87567     0.07092
2.87600     0.07092
2.87633     0.07091
2.87667     0.07091
2.87700     0.07091
2.87733     0.07090
2.87767     0.07090
2.87800     0.07089
2.87833     0.07089
2.87867     0.07089
2.87900     0.07088
2.87933     0.07088
2.87967     0.07088
2.88000     0.07087
2.88033     0.07087
2.88067     0.07087
2.88100     0.07086
2.88133     0.07086
2.88167     0.07085
2.88200     0.07085
2.88233     0.07085
2.88267     0.07084
2.88300     0.07084
2.88333     0.07083
2.88367     0.07083
2.88400     0.07083
2.88433     0.07082
2.88467     0.07082
2.88500     0.07082
2.88533     0.07081
2.88567     0.07081
2.88600     0.07080
2.88633     0.07080
2.88667     0.07080
2.88700     0.07079
2.88733     0.07079
2.88767     0.07078
2.88800     0.07078
2.88833     0.07078
2.88867     0.07077
2.88900     0.07077
2.88933     0.07077
2.88967     0.07076
2.89000     0.07076
2.89033     0.07075
2.89067     0.07075
2.89100     0.07075
2.89133     0.07074
2.89167     0.07074
2.89200     0.07073
2.89233     0.07073
2.89267     0.07072
2.89300     0.07072
2.89333     0.07072
2.89367     0.07071
2.89400     0.07071
2.89433     0.07070
2.89467     0.07070
2.89500     0.07070
2.89533     0.07069
2.89567     0.07069
2.89600     0.07068
2.89633     0.07068
2.89667     0.07068
2.89700     0.07067
2.89733     0.07067
2.89767     0.07066
2.89800     0.07066
2.89833     0.07065
2.89867     0.07065
2.89900     0.07065
2.89933     0.07064
2.89967     0.07064
2.90000     0.07063
2.90033     0.07063
2.90067     0.07063
2.90100     0.07062
2.90133     0.07062
2.90167     0.07061
2.90200     0.07061
2.90233     0.07060
2.90267     0.07060
2.90300     0.07060
2.90333     0.07059
2.90367     0.07059
2.90400     0.07058
2.90433     0.07058
2.90467     0.07057
2.90500     0.07057
2.90533     0.07056
2.90567     0.07056
2.90600     0.07056
2.90633     0.07055
2.90667     0.07055
2.90700     0.07054
2.90733     0.07054
2.90767     0.07053
2.90800     0.07053
2.90833     0.07053
2.90867     0.07052
2.90900     0.07052
2.90933     0.07051
2.90967     0.07051
2.91000     0.07050
2.91033     0.07050
2.91067     0.07049
2.91100     0.07049
2.91133     0.07048
2.91167     0.07048
2.91200     0.07048
2.91233     0.07047
2.91267     0.07047
2.91300     0.07046
2.91333     0.07046
2.91367     0.07045
2.91400     0.07045
2.91433     0.07044
2.91467     0.07044
2.91500     0.07043
2.91533     0.07043
2.91567     0.07043
2.91600     0.07042
2.91633     0.07042
2.91667     0.07041
2.91700     0.07041
2.91733     0.07040
2.91767     0.07040
2.91800     0.07039
2.91833     0.07039
2.91867     0.07038
2.91900     0.07038
2.91933     0.07037
2.91967     0.07037
2.92000     0.07036
2.92033     0.07036
2.92067     0.07036
2.92100     0.07035
2.92133     0.07035
2.92167     0.07034
2.92200     0.07034
2.92233     0.07033
2.92267     0.07033
2.92300     0.07032
2.92333     0.07032
2.92367     0.07031
2.92400     0.07031
2.92433     0.07030
2.92467     0.07030
2.92500     0.07029
2.92533     0.07029
2.92567     0.07028
2.92600     0.07028
2.92633     0.07027
2.92667     0.07027
2.92700     0.07026
2.92733     0.07026
2.92767     0.07025
2.92800     0.07025
2.92833     0.07024
2.92867     0.07024
2.92900     0.07023
2.92933     0.07023
2.92967     0.07022
2.93000     0.07022
2.93033     0.07021
2.93067     0.07021
2.93100     0.07020
2.93133     0.07020
2.93167     0.07019
2.93200     0.07019
2.93233     0.07018
2.93267     0.07018
2.93300     0.07017
2.93333     0.07017
2.93367     0.07016
2.93400     0.07016
2.93433     0.07015
2.93467     0.07015
2.93500     0.07014
2.93533     0.07014
2.93567     0.07013
2.93600     0.07013
2.93633     0.07012
2.93667     0.07012
2.93700     0.07011
2.93733     0.07011
2.93767     0.07010
2.93800     0.07010
2.93833     0.07009
2.93867     0.07009
2.93900     0.07008
2.93933     0.07008
2.93967     0.07007
2.94000     0.07007
2.94033     0.07006
2.94067     0.07006
2.94100     0.07005
2.94133     0.07005
2.94167     0.07004
2.94200     0.07004
2.94233     0.07003
2.94267     0.07003
2.94300     0.07002
2.94333     0.07001
2.94367     0.07001
2.94400     0.07000
2.94433     0.07000
2.94467     0.06999
2.94500     0.06999
2.94533     0.06998
2.94567     0.06998
2.94600     0.06997
2.94633     0.06997
2.94667     0.06996
2.94700     0.06996
2.94733     0.06995
2.94767     0.06995
2.94800     0.06994
2.94833     0.06993
2.94867     0.06993
2.94900     0.06992
2.94933     0.06992
2.94967     0.06991
2.95000     0.06991
2.95033     0.06990
2.95067     0.06990
2.95100     0.06989
2.95133     0.06989
2.95167     0.06988
2.95200     0.06988
2.95233     0.06987
2.95267     0.06986
2.95300     0.06986
2.95333     0.06985
2.95367     0.06985
2.95400     0.06984
2.95433     0.06984
2.95467     0.06983
2.95500     0.06983
2.95533     0.06982
2.95567     0.06982
2.95600     0.06981
2.95633     0.06980
2.95667     0.06980
2.95700     0.06979
2.95733     0.06979
2.95767     0.06978
2.95800     0.06978
2.95833     0.06977
2.95867     0.06976
2.95900     0.06976
2.95933     0.06975
2.95967     0.06975
2.96000     0.06974
2.96033     0.06974
2.96067     0.06973
2.96100     0.06973
2.96133     0.06972
2.96167     0.06971
2.96200     0.06971
2.96233     0.06970
2.96267     0.06970
2.96300     0.06969
2.96333     0.06969
2.96367     0.06968
2.96400     0.06967
2.96433     0.06967
2.96467     0.06966
2.96500     0.06966
2.96533     0.06965
2.96567     0.06965
2.96600     0.06964
2.96633     0.06963
2.96667     0.06963
2.96700     0.06962
2.96733     0.06962
2.96767     0.06961
2.96800     0.06961
2.96833     0.06960
2.96867     0.06959
2.96900     0.06959
2.96933     0.06958
2.96967     0.06958
2.97000     0.06957
2.97033     0.06956
2.97067     0.06956
2.97100     0.06955
2.97133     0.06955
2.97167     0.06954
2.97200     0.06954
2.97233     0.06953
2.97267     0.06952
2.97300     0.06952
2.97333     0.06951
2.97367     0.06951
2.97400     0.06950
2.97433     0.06949
2.97467     0.06949
2.97500     0.06948
2.97533     0.06948
2.97567     0.06947
2.97600     0.06946
2.97633     0.06946
2.97667     0.06945
2.97700     0.06945
2.97733     0.06944
2.97767     0.06943
2.97800     0.06943
2.97833     0.06942
2.97867     0.06942
2.97900     0.06941
2.97933     0.06940
2.97967     0.06940
2.98000     0.06939
2.98033     0.06939
2.98067     0.06938
2.98100     0.06937
2.98133     0.06937
2.98167     0.06936
2.98200     0.06936
2.98233     0.06935
2.98267     0.06934
2.98300     0.06934
2.98333     0.06933
2.98367     0.06933
2.98400     0.06932
2.98433     0.06931
2.98467     0.06931
2.98500     0.06930
2.98533     0.06930
2.98567     0.06929
2.98600     0.06928
2.98633     0.06928
2.98667     0.06927
2.98700     0.06926
2.98733     0.06926
2.98767     0.06925
2.98800     0.06925
2.98833     0.06924
2.98867     0.06923
2.98900     0.06923
2.98933     0.06922
2.98967     0.06922
2.99000     0.06921
2.99033     0.06920
2.99067     0.06920
2.99100     0.06919
2.99133     0.06918
2.99167     0.06918
2.99200     0.06917
2.99233     0.06917
2.99267     0.06916
2.99300     0.06915
2.99333     0.06915
2.99367     0.06914
2.99400     0.06913
2.99433     0.06913
2.99467     0.06912
2.99500     0.06912
2.99533     0.06911
2.99567     0.06910
2.99600     0.06910
2.99633     0.06909
2.99667     0.06908
2.99700     0.06908
2.99733     0.06907
2.99767     0.06906
2.99800     0.06906
2.99833     0.06905
2.99867     0.06905
2.99900     0.06904
2.99933     0.06903
2.99967     0.06903
3.00000     0.06902
3.00033     0.06901
